"","A","R","N","D","C","E","Q","G","H","I","L","K","M","F","P","S","T","W","Y","V"
"ENSCINP00000007207.3",0.0704545454545455,0.0772727272727273,0.0670454545454545,0.0681818181818182,0.00795454545454545,0.0590909090909091,0.0556818181818182,0.0363636363636364,0.0261363636363636,0.0568181818181818,0.0613636363636364,0.0818181818181818,0.0193181818181818,0.0238636363636364,0.0681818181818182,0.0954545454545455,0.0534090909090909,0.00681818181818182,0.0159090909090909,0.0488636363636364
"ENSTRUP00000057393.1",0.0860215053763441,0.0716845878136201,0.039426523297491,0.0573476702508961,0.032258064516129,0.039426523297491,0.0645161290322581,0.0645161290322581,0.021505376344086,0.03584229390681,0.0860215053763441,0.039426523297491,0.021505376344086,0.025089605734767,0.0501792114695341,0.0788530465949821,0.0609318996415771,0.010752688172043,0.017921146953405,0.0967741935483871
"ENSDARP00000132131.1",0.135416666666667,0,0.0208333333333333,0.015625,0,0.0520833333333333,0.03125,0.078125,0,0.00520833333333333,0.0364583333333333,0.0677083333333333,0,0.104166666666667,0.15625,0.161458333333333,0.104166666666667,0,0,0.03125
"ENSGALP00000024462.4",0.0934579439252336,0.0778816199376947,0.0280373831775701,0.0280373831775701,0.00934579439252336,0.0498442367601246,0.0342679127725857,0.0716510903426791,0.0280373831775701,0.0249221183800623,0.124610591900312,0.0498442367601246,0.0280373831775701,0.0560747663551402,0.0716510903426791,0.0685358255451713,0.0373831775700935,0.00311526479750779,0.0186915887850467,0.0965732087227414
"ENSGALP00000064711.2",0.08,0.0457142857142857,0.0285714285714286,0.0571428571428571,0.04,0.0685714285714286,0.0342857142857143,0.0628571428571429,0.0114285714285714,0.0457142857142857,0.0457142857142857,0.125714285714286,0.0228571428571429,0.0342857142857143,0.0171428571428571,0.08,0.0971428571428571,0.0114285714285714,0.04,0.0514285714285714
"ENSEBUP00000020994.1",0.066147859922179,0.0505836575875486,0.0311284046692607,0.0194552529182879,0.0155642023346304,0.108949416342412,0.0544747081712062,0.0311284046692607,0.0739299610894942,0.0505836575875486,0.11284046692607,0.0622568093385214,0.0233463035019455,0.0272373540856031,0.0544747081712062,0.0544747081712062,0.0544747081712062,0.0272373540856031,0.0311284046692607,0.0505836575875486
"ENSP00000449396.1",0.0875502008032129,0.0385542168674699,0.0385542168674699,0.0530120481927711,0.00562248995983936,0.091566265060241,0.0465863453815261,0.065863453815261,0.0248995983935743,0.0305220883534137,0.072289156626506,0.0779116465863454,0.0224899598393574,0.0240963855421687,0.112449799196787,0.065863453815261,0.0546184738955823,0.00883534136546185,0.0208835341365462,0.0578313253012048
"ENSP00000443808.1",0.126315789473684,0.0842105263157895,0.0210526315789474,0,0.0315789473684211,0.0105263157894737,0.0842105263157895,0.0947368421052632,0.0105263157894737,0.0105263157894737,0.115789473684211,0.0105263157894737,0.0210526315789474,0.0736842105263158,0.0947368421052632,0.0631578947368421,0.0736842105263158,0.0315789473684211,0.0105263157894737,0.0315789473684211
"ENSFCAP00000038891.1",0.0757575757575758,0.095959595959596,0.0505050505050505,0.0656565656565657,0.0202020202020202,0.0606060606060606,0.0656565656565657,0.0353535353535354,0.0151515151515152,0.0151515151515152,0.0606060606060606,0.0353535353535354,0.0252525252525253,0.0505050505050505,0.0454545454545455,0.0656565656565657,0.0858585858585859,0.0202020202020202,0.0454545454545455,0.0656565656565657
"FBpp0308546",0.0845070422535211,0.07981220657277,0.0469483568075117,0.0469483568075117,0.00938967136150235,0.0563380281690141,0.0516431924882629,0.122065727699531,0.0187793427230047,0.0516431924882629,0.0751173708920188,0.07981220657277,0.0234741784037559,0.0328638497652582,0.0422535211267606,0.0610328638497653,0.0516431924882629,0.00469483568075117,0.028169014084507,0.0328638497652582
"ENSMUSP00000115860.1",0.0897435897435897,0.032051282051282,0.0352564102564103,0.0480769230769231,0.0128205128205128,0.125,0.0641025641025641,0.0416666666666667,0.0224358974358974,0.00641025641025641,0.112179487179487,0.0961538461538462,0.0224358974358974,0.0288461538461538,0.0737179487179487,0.0641025641025641,0.0737179487179487,0.00641025641025641,0.00641025641025641,0.0384615384615385
"FBpp0292150",0.0766550522648084,0.0383275261324042,0.0400696864111498,0.0557491289198606,0.0174216027874564,0.0522648083623693,0.0331010452961672,0.0714285714285714,0.0156794425087108,0.0696864111498258,0.0714285714285714,0.078397212543554,0.0278745644599303,0.0487804878048781,0.0487804878048781,0.0818815331010453,0.0592334494773519,0.0121951219512195,0.0383275261324042,0.0627177700348432
"ENSELUP00000034739.1",0.0692559663079083,0.0645765091249415,0.0346279831539541,0.0547496490407113,0.0229293401965372,0.0814225549836219,0.0514740290126345,0.055217594759008,0.0243331773514272,0.0196537201684605,0.105287786616752,0.072531586335985,0.0196537201684605,0.0262049602246139,0.0772110435189518,0.0935891436593355,0.0425830603649977,0.0102948058025269,0.0187178287318671,0.0556855404773046
"T05A10.1m",0.0793010752688172,0.0470430107526882,0.046594982078853,0.0501792114695341,0.0138888888888889,0.0456989247311828,0.14336917562724,0.0380824372759857,0.032258064516129,0.0448028673835125,0.0752688172043011,0.0456989247311828,0.0313620071684588,0.0232974910394265,0.0622759856630824,0.0949820788530466,0.0600358422939068,0.00313620071684588,0.0152329749103943,0.0474910394265233
"ENSP00000464036.2",0.0490566037735849,0.0981132075471698,0.0213836477987421,0.0553459119496855,0.00377358490566038,0.168553459119497,0.0364779874213836,0.0578616352201258,0.0276729559748428,0.0314465408805031,0.0779874213836478,0.0855345911949685,0.0238993710691824,0.0238993710691824,0.0515723270440252,0.080503144654088,0.0377358490566038,0.010062893081761,0.0213836477987421,0.0377358490566038
"YDL040C_mRNA",0.0714285714285714,0.0433255269320843,0.0550351288056206,0.0690866510538642,0.00936768149882904,0.0702576112412178,0.0421545667447307,0.0398126463700234,0.0140515222482436,0.0515222482435597,0.115925058548009,0.112412177985948,0.0187353629976581,0.0480093676814988,0.0339578454332553,0.0679156908665105,0.0339578454332553,0.00936768149882904,0.0550351288056206,0.0386416861826698
"ENSP00000371859.2",0.0546272493573265,0.0777634961439589,0.0289203084832905,0.06426735218509,0.0186375321336761,0.109254498714653,0.0507712082262211,0.0392030848329049,0.0199228791773779,0.0456298200514139,0.0931876606683805,0.0861182519280206,0.0109254498714653,0.0372750642673522,0.051413881748072,0.089974293059126,0.0462724935732648,0.006426735218509,0.0212082262210797,0.0482005141388175
"ENSP00000354468.4",0.0389221556886228,0.0658682634730539,0.0209580838323353,0.0658682634730539,0.0179640718562874,0.062874251497006,0.0359281437125748,0.0688622754491018,0.0329341317365269,0.0718562874251497,0.107784431137725,0.0538922155688623,0.0359281437125748,0.0449101796407186,0.0808383233532934,0.0538922155688623,0.0389221556886228,0.0149700598802395,0.029940119760479,0.0568862275449102
"FBpp0072132",0.0860215053763441,0.0403225806451613,0.0698924731182796,0.0483870967741935,0.00806451612903226,0.0510752688172043,0.0887096774193548,0.0483870967741935,0.0188172043010753,0.0376344086021505,0.0913978494623656,0.0564516129032258,0.0188172043010753,0.0510752688172043,0.0725806451612903,0.0967741935483871,0.0483870967741935,0.00537634408602151,0.0268817204301075,0.0349462365591398
"YMR300C_mRNA",0.0764705882352941,0.0607843137254902,0.0607843137254902,0.0607843137254902,0.0274509803921569,0.0705882352941176,0.0235294117647059,0.0803921568627451,0.0196078431372549,0.0627450980392157,0.0745098039215686,0.0568627450980392,0.0196078431372549,0.0392156862745098,0.0411764705882353,0.0549019607843137,0.0450980392156863,0,0.0490196078431373,0.0764705882352941
"ENSSSCP00000010965.3",0.0476190476190476,0.0670995670995671,0.0303030303030303,0.0432900432900433,0.0216450216450216,0.0909090909090909,0.0562770562770563,0.0670995670995671,0.025974025974026,0.0497835497835498,0.0822510822510823,0.0562770562770563,0.025974025974026,0.0541125541125541,0.0541125541125541,0.0779220779220779,0.051948051948052,0.00216450216450216,0.0346320346320346,0.0606060606060606
"YLR025W_mRNA",0.0708333333333333,0.0333333333333333,0.0791666666666667,0.0583333333333333,0,0.145833333333333,0.05,0.0375,0.0125,0.0625,0.0916666666666667,0.0916666666666667,0.0416666666666667,0.0125,0.0208333333333333,0.0875,0.05,0.00833333333333333,0,0.0458333333333333
"ENSGALP00000048046.2",0.105180533751962,0.0392464678178964,0.0502354788069074,0.0392464678178964,0.0235478806907378,0.0675039246467818,0.0455259026687598,0.0753532182103611,0.010989010989011,0.0125588697017268,0.0361067503924647,0.0769230769230769,0.010989010989011,0.0612244897959184,0.0784929356357928,0.135007849293564,0.0800627943485086,0.00627943485086342,0.00156985871271586,0.043956043956044
"FBpp0289220",0.0714285714285714,0.0642857142857143,0.05,0.0625,0.00892857142857143,0.1,0.0767857142857143,0.0428571428571429,0.0232142857142857,0.0392857142857143,0.05,0.0428571428571429,0.0214285714285714,0.025,0.0625,0.103571428571429,0.075,0.00892857142857143,0.0160714285714286,0.0553571428571429
"ENSORLP00000040100.1",0.0673076923076923,0.100961538461538,0.0288461538461538,0.0552884615384615,0.0144230769230769,0.0625,0.03125,0.0600961538461538,0.0168269230769231,0.0576923076923077,0.103365384615385,0.0432692307692308,0.03125,0.03125,0.0625,0.0865384615384615,0.0432692307692308,0.0144230769230769,0.0192307692307692,0.0697115384615385
"FBpp0070792",0.100558659217877,0.0558659217877095,0.0409683426443203,0.0502793296089385,0.0130353817504655,0.0558659217877095,0.0446927374301676,0.0800744878957169,0.0148975791433892,0.0558659217877095,0.0949720670391061,0.0726256983240224,0.0148975791433892,0.037243947858473,0.0521415270018622,0.0540037243947858,0.0633147113594041,0.0037243947858473,0.0335195530726257,0.0614525139664804
"ENSMUSP00000043138.8",0.0376237623762376,0.0603960396039604,0.0336633663366337,0.0663366336633663,0.0257425742574257,0.0940594059405941,0.0495049504950495,0.0495049504950495,0.0346534653465347,0.0306930693069307,0.0821782178217822,0.1,0.0108910891089109,0.0198019801980198,0.0702970297029703,0.0851485148514852,0.0475247524752475,0.0138613861386139,0.0237623762376238,0.0643564356435644
"ZC262.8",0.0655737704918033,0.0710382513661202,0.0327868852459016,0.0601092896174863,0.0327868852459016,0.0491803278688525,0.0655737704918033,0.0655737704918033,0.0109289617486339,0.0273224043715847,0.087431693989071,0.103825136612022,0.0437158469945355,0.0382513661202186,0.0218579234972678,0.0491803278688525,0.0765027322404372,0.0163934426229508,0.0491803278688525,0.0327868852459016
"YKL155C_mRNA",0.0445859872611465,0.0652866242038217,0.0764331210191083,0.0573248407643312,0.00955414012738853,0.0684713375796178,0.0477707006369427,0.0573248407643312,0.0270700636942675,0.071656050955414,0.089171974522293,0.0955414012738854,0.0191082802547771,0.0398089171974522,0.0445859872611465,0.0668789808917197,0.0398089171974522,0.00796178343949045,0.0270700636942675,0.0445859872611465
"ENSOARP00000013998.1",0.108527131782946,0.0775193798449612,0.0193798449612403,0.0387596899224806,0.0503875968992248,0.0426356589147287,0.0193798449612403,0.0891472868217054,0.0387596899224806,0.00775193798449612,0.0968992248062016,0.0387596899224806,0.00387596899224806,0.0271317829457364,0.112403100775194,0.0813953488372093,0.0581395348837209,0.0116279069767442,0.0155038759689922,0.062015503875969
"ZK757.3c",0.0363636363636364,0.0727272727272727,0.0727272727272727,0.0363636363636364,0.0363636363636364,0.0727272727272727,0.0363636363636364,0.0545454545454545,0,0,0.145454545454545,0,0.0181818181818182,0.0363636363636364,0.0363636363636364,0.127272727272727,0.145454545454545,0.0363636363636364,0,0.0363636363636364
"ENSP00000435583.1",0.123893805309735,0.079646017699115,0.00884955752212389,0.0442477876106195,0.0353982300884956,0.0442477876106195,0.0884955752212389,0.0707964601769911,0.0265486725663717,0.00884955752212389,0.176991150442478,0.0176991150442478,0.00884955752212389,0.00884955752212389,0.106194690265487,0.0707964601769911,0.0176991150442478,0.00884955752212389,0.00884955752212389,0.0442477876106195
"ENSORLP00000040617.1",0.076320939334638,0.0547945205479452,0.0313111545988258,0.0450097847358121,0.0195694716242661,0.086105675146771,0.0410958904109589,0.0900195694716243,0.0332681017612524,0.0469667318982387,0.0665362035225049,0.0665362035225049,0.0156555772994129,0.0489236790606654,0.0528375733855186,0.0626223091976517,0.0587084148727984,0.00195694716242661,0.0156555772994129,0.086105675146771
"T21G5.5d",0.156378600823045,0.0390946502057613,0.037037037037037,0.0390946502057613,0.00823045267489712,0.0555555555555556,0.0987654320987654,0.0534979423868313,0.0288065843621399,0.0185185185185185,0.0987654320987654,0.0432098765432099,0.0308641975308642,0.0185185185185185,0.0473251028806584,0.0823045267489712,0.0596707818930041,0.00411522633744856,0.0246913580246914,0.0555555555555556
"FBpp0291479",0.0735294117647059,0.053921568627451,0.0637254901960784,0.0441176470588235,0.00980392156862745,0.0465686274509804,0.0416666666666667,0.0563725490196078,0.0465686274509804,0.0465686274509804,0.102941176470588,0.0735294117647059,0.00490196078431373,0.0441176470588235,0.0490196078431373,0.0686274509803922,0.0490196078431373,0.00980392156862745,0.0269607843137255,0.0882352941176471
"F07E5.5",0.104166666666667,0.0625,0.0364583333333333,0.0572916666666667,0.0364583333333333,0.0989583333333333,0.0234375,0.0651041666666667,0.0338541666666667,0.0390625,0.046875,0.143229166666667,0.0182291666666667,0.0260416666666667,0.0494791666666667,0.0416666666666667,0.0520833333333333,0.0078125,0.015625,0.0416666666666667
"ENSECAP00000027433.1",0.0589519650655022,0.0938864628820961,0.0414847161572052,0.0502183406113537,0.0174672489082969,0.0786026200873362,0.0764192139737991,0.0414847161572052,0.0480349344978166,0.0502183406113537,0.102620087336245,0.0633187772925764,0.0152838427947598,0.0262008733624454,0.0262008733624454,0.0524017467248908,0.0480349344978166,0.0109170305676856,0.037117903930131,0.0611353711790393
"ENSGALP00000059387.2",0.0607594936708861,0.0886075949367089,0.0379746835443038,0.0481012658227848,0.020253164556962,0.0860759493670886,0.0632911392405063,0.0962025316455696,0.0151898734177215,0.0253164556962025,0.0607594936708861,0.0632911392405063,0.0329113924050633,0.0481012658227848,0.0632911392405063,0.0734177215189873,0.0455696202531646,0.0151898734177215,0.0126582278481013,0.0430379746835443
"ENSELUP00000026940.1",0.0411985018726592,0.048689138576779,0.0430711610486891,0.0440074906367041,0.0149812734082397,0.0608614232209738,0.0589887640449438,0.0599250936329588,0.0299625468164794,0.0561797752808989,0.0739700374531835,0.0786516853932584,0.0196629213483146,0.0280898876404494,0.0861423220973783,0.111423220973783,0.0608614232209738,0.0102996254681648,0.0177902621722846,0.0552434456928839
"ENSP00000363641.5",0.0761904761904762,0,0.0285714285714286,0.0666666666666667,0.0476190476190476,0.0952380952380952,0.0476190476190476,0.0476190476190476,0.00952380952380952,0.0380952380952381,0.0571428571428571,0.114285714285714,0.0285714285714286,0.0857142857142857,0.0285714285714286,0.0666666666666667,0.0380952380952381,0.00952380952380952,0.00952380952380952,0.104761904761905
"ENSCINP00000012582.3",0.0753138075313808,0.0376569037656904,0.0585774058577406,0.0753138075313808,0.0209205020920502,0.0585774058577406,0.0376569037656904,0.0711297071129707,0.0125523012552301,0.0627615062761506,0.096234309623431,0.0711297071129707,0.0418410041841004,0.0418410041841004,0.0376569037656904,0.0460251046025105,0.0502092050209205,0.00418410041841004,0.0418410041841004,0.0585774058577406
"ENSP00000321259.3",0.109792284866469,0.0445103857566766,0.029673590504451,0.0623145400593472,0.00890207715133531,0.0771513353115727,0.0415430267062315,0.056379821958457,0.0178041543026706,0.0623145400593472,0.100890207715134,0.0890207715133531,0.0267062314540059,0.0415430267062315,0.029673590504451,0.0652818991097923,0.0445103857566766,0.00890207715133531,0.0267062314540059,0.056379821958457
"Y47G6A.20b",0.110814419225634,0.0427236315086782,0.0387182910547397,0.0507343124165554,0.00534045393858478,0.0814419225634179,0.0587449933244326,0.0640854472630174,0.00801068090787717,0.0534045393858478,0.0694259012016021,0.0761014686248331,0.0453938584779706,0.0307076101468625,0.0694259012016021,0.0747663551401869,0.0333778371161549,0.00267022696929239,0.0186915887850467,0.0654205607476635
"ENSMUSP00000031038.4",0.0526315789473684,0.0566801619433198,0.0364372469635627,0.0323886639676113,0.0161943319838057,0.097165991902834,0.0283400809716599,0.0769230769230769,0.0202429149797571,0.048582995951417,0.0647773279352227,0.0769230769230769,0.0161943319838057,0.0404858299595142,0.0931174089068826,0.097165991902834,0.0526315789473684,0.0121457489878543,0.0364372469635627,0.0445344129554656
"YNR049C_mRNA",0.0476190476190476,0.0666666666666667,0.0666666666666667,0.0476190476190476,0,0.0428571428571429,0.0380952380952381,0.0619047619047619,0.0333333333333333,0.0142857142857143,0.0476190476190476,0.080952380952381,0.0285714285714286,0.0523809523809524,0.0714285714285714,0.166666666666667,0.0761904761904762,0.00952380952380952,0.019047619047619,0.0285714285714286
"ENSP00000477781.1",0.050761421319797,0.0456852791878173,0.0456852791878173,0.065989847715736,0.0203045685279188,0.101522842639594,0.0203045685279188,0.0812182741116751,0.0253807106598985,0.0862944162436548,0.0710659898477157,0.0761421319796954,0.050761421319797,0.0456852791878173,0.0355329949238579,0.0456852791878173,0.0406091370558376,0.0101522842639594,0.0406091370558376,0.0406091370558376
"ENSORLP00000042814.1",0.0740354535974974,0.0552659019812305,0.0354535974973931,0.045881126173097,0.0125130344108446,0.112617309697602,0.0479666319082377,0.0740354535974974,0.00834202294056309,0.0281543274244004,0.0938477580813347,0.059436913451512,0.0333680917622523,0.0312825860271116,0.0448383733055266,0.106360792492179,0.0437956204379562,0.00938477580813347,0.0104275286757039,0.072992700729927
"ENSMMUP00000030500.3",0.0557553956834532,0.0701438848920863,0.0431654676258993,0.0305755395683453,0.012589928057554,0.0845323741007194,0.0593525179856115,0.0557553956834532,0.0233812949640288,0.0503597122302158,0.102517985611511,0.0881294964028777,0.0323741007194245,0.0413669064748201,0.0449640287769784,0.079136690647482,0.052158273381295,0.00899280575539568,0.0215827338129496,0.0431654676258993
"ENSOARP00000014292.1",0.0980392156862745,0.117647058823529,0.0326797385620915,0.042483660130719,0.0163398692810458,0.0915032679738562,0.0588235294117647,0.0620915032679739,0.0065359477124183,0.0130718954248366,0.0849673202614379,0.104575163398693,0.0228758169934641,0.0228758169934641,0.0490196078431373,0.0588235294117647,0.0522875816993464,0.00980392156862745,0.0065359477124183,0.0490196078431373
"ENSP00000425556.1",0.0721282279608192,0.0614425645592164,0.0391807658058771,0.04986642920748,0.0195903829029386,0.0756901157613535,0.0516473731077471,0.0596616206589492,0.0276046304541407,0.0427426536064114,0.0712377560106857,0.056099732858415,0.0151380231522707,0.0320569902048085,0.0801424755120214,0.103294746215494,0.0632235084594835,0.00534283170080142,0.0204808548530721,0.0534283170080142
"ENSP00000300648.6",0.0947210782478472,0.0497940846125047,0.023212280044927,0.0475477349307376,0.0157244477723699,0.0632721827031074,0.0482965181579933,0.0546611755896668,0.0202171471359042,0.0482965181579933,0.15013103706477,0.0602770497940846,0.025833021340322,0.0250842381130663,0.0479221265443654,0.0763758891800824,0.0482965181579933,0.00861100711344066,0.0146012729314863,0.0771246724073381
"ENSMUSP00000029013.3",0.0760869565217391,0.0353260869565217,0.0625,0.0625,0.0298913043478261,0.0326086956521739,0.0434782608695652,0.0652173913043478,0.0326086956521739,0.0543478260869565,0.0489130434782609,0.0652173913043478,0.0244565217391304,0.0516304347826087,0.0625,0.0842391304347826,0.0679347826086956,0.0244565217391304,0.0271739130434783,0.0489130434782609
"R11A8.7f",0.087719298245614,0.0415713196033562,0.0484363081617086,0.0484363081617086,0.0110602593440122,0.066742944317315,0.0732265446224256,0.0575896262395118,0.0202135774218154,0.051487414187643,0.078184591914569,0.066742944317315,0.0320366132723112,0.0282227307398932,0.0614035087719298,0.104118993135011,0.0484363081617086,0.0049580472921434,0.01906941266209,0.0503432494279176
"YLR384C_mRNA",0.0689399555226093,0.0489251297257228,0.044477390659748,0.0711638250555967,0.0103780578206079,0.0874722016308377,0.0378057820607858,0.044477390659748,0.0177909562638992,0.0607857672349889,0.0963676797627872,0.0644922164566345,0.0192735359525575,0.0415122312824314,0.033358042994811,0.0741289844329133,0.0518902891030393,0.00741289844329133,0.0400296515937732,0.0793180133432172
"F01G4.6b.1",0.121447028423773,0.0335917312661499,0.0129198966408269,0.020671834625323,0.020671834625323,0.0490956072351421,0.0387596899224806,0.0878552971576227,0.00775193798449612,0.062015503875969,0.0904392764857881,0.0568475452196382,0.0310077519379845,0.041343669250646,0.0594315245478036,0.0465116279069767,0.0671834625322997,0.0180878552971576,0.0542635658914729,0.0801033591731266
"ENSORLP00000009164.2",0.043859649122807,0.0482456140350877,0.0219298245614035,0.0263157894736842,0.0175438596491228,0.0307017543859649,0.0263157894736842,0.12280701754386,0.0350877192982456,0.0131578947368421,0.0307017543859649,0.0307017543859649,0.109649122807018,0.0219298245614035,0.171052631578947,0.087719298245614,0.087719298245614,0.0043859649122807,0.0263157894736842,0.043859649122807
"FBpp0079289",0.0698924731182796,0.0627240143369176,0.043010752688172,0.0627240143369176,0.0501792114695341,0.0913978494623656,0.0770609318996416,0.039426523297491,0.0483870967741935,0.03584229390681,0.0752688172043011,0.0448028673835125,0.0340501792114695,0.039426523297491,0.0501792114695341,0.0591397849462366,0.0448028673835125,0.0017921146953405,0.021505376344086,0.0483870967741935
"ENSEBUP00000001576.1",0.078397212543554,0.0923344947735192,0.0209059233449477,0.0331010452961672,0.0121951219512195,0.0174216027874564,0.0191637630662021,0.0749128919860627,0.0252613240418118,0.0217770034843206,0.0374564459930314,0.0252613240418118,0.00871080139372822,0.0235191637630662,0.247386759581882,0.119337979094077,0.0705574912891986,0.0339721254355401,0.014808362369338,0.0235191637630662
"YML022W_mRNA",0.106951871657754,0.0213903743315508,0.0427807486631016,0.0374331550802139,0.0053475935828877,0.0909090909090909,0.0320855614973262,0.0802139037433155,0.0106951871657754,0.0641711229946524,0.13903743315508,0.0748663101604278,0.0106951871657754,0.0802139037433155,0.053475935828877,0.0427807486631016,0.0213903743315508,0,0.0320855614973262,0.053475935828877
"K05C4.2.1",0.0846560846560847,0.0423280423280423,0.0264550264550265,0.0317460317460317,0.0105820105820106,0.037037037037037,0.0476190476190476,0.0634920634920635,0.0317460317460317,0.0687830687830688,0.0793650793650794,0.0423280423280423,0.0476190476190476,0.100529100529101,0.0476190476190476,0.0529100529100529,0.0264550264550265,0.037037037037037,0.0582010582010582,0.0634920634920635
"ENSORLP00000017547.3",0.0846153846153846,0.0384615384615385,0.0323076923076923,0.0323076923076923,0.0123076923076923,0.0461538461538462,0.0907692307692308,0.0646153846153846,0.0569230769230769,0.0384615384615385,0.104615384615385,0.0369230769230769,0.00923076923076923,0.0261538461538462,0.0861538461538462,0.110769230769231,0.06,0.00461538461538462,0.0169230769230769,0.0476923076923077
"FBpp0099678",0.0437710437710438,0.0404040404040404,0.0673400673400673,0.063973063973064,0.0134680134680135,0.0707070707070707,0.0606060606060606,0.0572390572390572,0.0336700336700337,0.0437710437710438,0.114478114478114,0.0471380471380471,0.0235690235690236,0.0572390572390572,0.0404040404040404,0.0606060606060606,0.0303030303030303,0.0101010101010101,0.037037037037037,0.0841750841750842
"ENSEBUP00000026444.1",0.0457209847596717,0.0844079718640094,0.0375146541617819,0.0492379835873388,0.0328253223915592,0.063305978898007,0.0422039859320047,0.0386869871043376,0.0328253223915592,0.0468933177022274,0.0715123094958968,0.126611957796014,0.0152403282532239,0.0281359906213365,0.0363423212192263,0.105509964830012,0.05978898007034,0.0082063305978898,0.0175849941383353,0.0574443141852286
"ENSELUP00000014031.1",0.0638783269961977,0.0600760456273764,0.0380228136882129,0.0615969581749049,0.0159695817490494,0.0813688212927757,0.0326996197718631,0.0623574144486692,0.0243346007604563,0.0311787072243346,0.0555133079847909,0.114068441064639,0.0152091254752852,0.0212927756653992,0.0562737642585551,0.107984790874525,0.0608365019011407,0.00380228136882129,0.0288973384030418,0.064638783269962
"ENSP00000240423.4",0.0728744939271255,0.0404858299595142,0.0445344129554656,0.087719298245614,0.0188933873144399,0.0769230769230769,0.0431848852901484,0.0499325236167341,0.0269905533063428,0.0337381916329285,0.0890688259109312,0.0688259109311741,0.0242914979757085,0.039136302294197,0.0647773279352227,0.0769230769230769,0.0688259109311741,0.00809716599190283,0.0188933873144399,0.0458839406207827
"ENSEBUP00000012023.1",0.0640243902439024,0.0853658536585366,0.0121951219512195,0.0426829268292683,0.0121951219512195,0.0731707317073171,0.0365853658536585,0.0853658536585366,0.024390243902439,0.0548780487804878,0.0670731707317073,0.0762195121951219,0.0182926829268293,0.0335365853658537,0.0640243902439024,0.0640243902439024,0.0579268292682927,0.0213414634146341,0.0274390243902439,0.0792682926829268
"ENSP00000177742.3",0.0844444444444444,0.128888888888889,0.0177777777777778,0.0533333333333333,0.00444444444444444,0.08,0.0355555555555556,0.0444444444444444,0.0222222222222222,0.0266666666666667,0.106666666666667,0.0488888888888889,0.0222222222222222,0.0266666666666667,0.0755555555555556,0.0533333333333333,0.0533333333333333,0.0311111111111111,0.0311111111111111,0.0533333333333333
"ENSP00000393417.2",0.0702479338842975,0.0743801652892562,0.0247933884297521,0.0537190082644628,0.0206611570247934,0.115702479338843,0.0578512396694215,0.0578512396694215,0.0206611570247934,0.0454545454545455,0.0950413223140496,0.0661157024793388,0.0330578512396694,0.0371900826446281,0.0330578512396694,0.0454545454545455,0.0578512396694215,0,0.0289256198347107,0.0619834710743802
"YNR035C_mRNA",0.0526315789473684,0.0584795321637427,0.0321637426900585,0.0526315789473684,0.0087719298245614,0.0760233918128655,0.064327485380117,0.0321637426900585,0.0263157894736842,0.0760233918128655,0.108187134502924,0.0614035087719298,0.0116959064327485,0.064327485380117,0.0409356725146199,0.0730994152046784,0.064327485380117,0.00292397660818713,0.0350877192982456,0.0584795321637427
"ENSP00000489535.1",0.0622362869198312,0.0611814345991561,0.0464135021097046,0.0759493670886076,0.040084388185654,0.114978902953586,0.0421940928270042,0.0506329113924051,0.0147679324894515,0.0337552742616034,0.0717299578059072,0.0959915611814346,0.020042194092827,0.0168776371308017,0.0485232067510548,0.0928270042194093,0.0421940928270042,0.0105485232067511,0.020042194092827,0.0390295358649789
"ENSORLP00000017219.2",0.048062015503876,0.0635658914728682,0.027906976744186,0.0573643410852713,0.0325581395348837,0.103875968992248,0.048062015503876,0.0666666666666667,0.0372093023255814,0.0217054263565891,0.0883720930232558,0.0604651162790698,0.0232558139534884,0.0232558139534884,0.048062015503876,0.0976744186046512,0.0527131782945736,0.0263565891472868,0.0248062015503876,0.048062015503876
"YPR002W_mRNA",0.0891472868217054,0.0426356589147287,0.0523255813953488,0.060077519379845,0.0116279069767442,0.0445736434108527,0.0368217054263566,0.0581395348837209,0.0271317829457364,0.0678294573643411,0.0988372093023256,0.0852713178294574,0.0232558139534884,0.0426356589147287,0.0387596899224806,0.0562015503875969,0.0542635658914729,0.00968992248062015,0.0329457364341085,0.0678294573643411
"ENSECAP00000045411.1",0.0847457627118644,0.0653753026634383,0.0314769975786925,0.0387409200968523,0.0290556900726392,0.0726392251815981,0.0508474576271186,0.0823244552058111,0.0242130750605327,0.0290556900726392,0.121065375302663,0.0484261501210654,0.0145278450363196,0.0411622276029056,0.0242130750605327,0.0799031476997579,0.0556900726392252,0.0169491525423729,0.0217917675544794,0.0677966101694915
"T01C3.7.1",0.0625,0.102272727272727,0.0284090909090909,0.0454545454545455,0.00568181818181818,0.0511363636363636,0.0113636363636364,0.238636363636364,0.0227272727272727,0.03125,0.0426136363636364,0.0539772727272727,0.0170454545454545,0.0426136363636364,0.0454545454545455,0.0511363636363636,0.0227272727272727,0.00284090909090909,0.0227272727272727,0.0994318181818182
"ENSGALP00000059124.2",0.120849933598938,0.0969455511288181,0.0212483399734396,0.0451527224435591,0.0239043824701195,0.0730411686586985,0.0385126162018592,0.0929614873837981,0.0199203187250996,0.0332005312084993,0.0849933598937583,0.0451527224435591,0.0199203187250996,0.0265604249667995,0.0770252324037185,0.0610889774236388,0.0292164674634794,0.0159362549800797,0.0212483399734396,0.0531208499335989
"ENSELUP00000004824.1",0.0737885462555066,0.113986784140969,0.0379955947136564,0.0627753303964758,0.00936123348017621,0.0886563876651982,0.0517621145374449,0.11784140969163,0.0148678414096916,0.0258810572687225,0.0837004405286344,0.0418502202643172,0.0170704845814978,0.0181718061674009,0.0539647577092511,0.0732378854625551,0.0473568281938326,0.0066079295154185,0.0198237885462555,0.0412995594713656
"ENSELUP00000001385.1",0.0472175379426644,0.0809443507588533,0.0489038785834739,0.06070826306914,0.0168634064080944,0.0725126475548061,0.0539629005059022,0.0927487352445194,0.0387858347386172,0.0236087689713322,0.0573355817875211,0.0438448566610455,0.0168634064080944,0.0252951096121417,0.0978077571669477,0.0826306913996627,0.0472175379426644,0.015177065767285,0.0219224283305228,0.0556492411467116
"FBpp0082650",0.0631720430107527,0.0403225806451613,0.0591397849462366,0.0510752688172043,0.00806451612903226,0.126344086021505,0.0779569892473118,0.0147849462365591,0.0188172043010753,0.0591397849462366,0.106182795698925,0.122311827956989,0.0228494623655914,0.0201612903225806,0.0228494623655914,0.0766129032258065,0.0564516129032258,0.00268817204301075,0.0120967741935484,0.0389784946236559
"YGR157W_mRNA",0.0310701956271577,0.0379746835443038,0.0655926352128884,0.0437284234752589,0.00920598388952819,0.048331415420023,0.0310701956271577,0.0529344073647871,0.0207134637514384,0.0794016110471807,0.108170310701956,0.0609896432681243,0.0195627157652474,0.0690448791714614,0.0264672036823936,0.0771001150747986,0.0667433831990794,0.0253164556962025,0.0575373993095512,0.0690448791714614
"ENSFCAP00000040149.1",0.0612691466083151,0.0590809628008753,0.0393873085339169,0.0547045951859956,0.0284463894967177,0.0984682713347921,0.0328227571115974,0.0568927789934354,0.0131291028446389,0.0787746170678337,0.105032822757112,0.0765864332603939,0.0175054704595186,0.0350109409190372,0.0393873085339169,0.0678336980306346,0.0437636761487965,0.00656455142231947,0.0175054704595186,0.0678336980306346
"ENSELUP00000011976.1",0.0479452054794521,0.0662100456621005,0.0342465753424658,0.0662100456621005,0.012937595129376,0.0776255707762557,0.0662100456621005,0.102739726027397,0.0289193302891933,0.0251141552511416,0.0639269406392694,0.0684931506849315,0.0251141552511416,0.0205479452054795,0.117199391171994,0.091324200913242,0.0357686453576865,0.0030441400304414,0.0159817351598174,0.030441400304414
"ENSECAP00000005817.2",0.0172413793103448,0.0714285714285714,0.0492610837438424,0.0492610837438424,0.0443349753694581,0.0911330049261084,0.0492610837438424,0.041871921182266,0.0467980295566502,0.0295566502463054,0.0812807881773399,0.0886699507389163,0.0246305418719212,0.0344827586206897,0.0689655172413793,0.0788177339901478,0.0591133004926108,0.00246305418719212,0.0147783251231527,0.0566502463054187
"ENSECAP00000028105.1",0.0782080485952923,0.0531511009870919,0.0493545937737282,0.061503416856492,0.0265755504935459,0.0683371298405467,0.044039483675019,0.0668185269552012,0.0227790432801822,0.0364464692482916,0.0865603644646925,0.0637813211845103,0.0136674259681093,0.0318906605922551,0.0660592255125285,0.088078967350038,0.0485952923310554,0.0151860288534548,0.017463933181473,0.061503416856492
"ENSP00000415788.1",0.0140845070422535,0.0422535211267606,0.028169014084507,0.126760563380282,0.028169014084507,0.0845070422535211,0,0.0985915492957746,0.028169014084507,0.0563380281690141,0.0704225352112676,0.0704225352112676,0,0.028169014084507,0.028169014084507,0.112676056338028,0.0704225352112676,0,0.0422535211267606,0.0704225352112676
"C47E12.7",0.0780856423173804,0.0654911838790932,0.0201511335012594,0.0680100755667506,0.0125944584382872,0.0931989924433249,0.0377833753148615,0.0554156171284635,0.0226700251889169,0.0503778337531486,0.0931989924433249,0.133501259445844,0.0251889168765743,0.0453400503778338,0.0226700251889169,0.0453400503778338,0.035264483627204,0.0151133501259446,0.0201511335012594,0.0604534005037783
"ENSSSCP00000046532.1",0.141509433962264,0.0566037735849057,0.0188679245283019,0.0188679245283019,0,0.0943396226415094,0.0377358490566038,0.0943396226415094,0.00943396226415094,0.0471698113207547,0.0660377358490566,0.0660377358490566,0.0188679245283019,0.0471698113207547,0.0471698113207547,0.0849056603773585,0.0566037735849057,0,0.0754716981132075,0.0188679245283019
"ENSGALP00000009447.5",0.108695652173913,0.0752508361204013,0.0317725752508361,0.0384615384615385,0.00334448160535117,0.0785953177257525,0.0451505016722408,0.0635451505016722,0.0117056856187291,0.0183946488294314,0.0802675585284281,0.0668896321070234,0.0133779264214047,0.0250836120401338,0.096989966555184,0.0735785953177258,0.0769230769230769,0.0100334448160535,0.0250836120401338,0.0568561872909699
"YEL003W_mRNA",0.036036036036036,0.027027027027027,0.0540540540540541,0.045045045045045,0.00900900900900901,0.126126126126126,0.0630630630630631,0.036036036036036,0.018018018018018,0.0990990990990991,0.0720720720720721,0.153153153153153,0.027027027027027,0.018018018018018,0.018018018018018,0.027027027027027,0.0810810810810811,0.00900900900900901,0.027027027027027,0.0540540540540541
"ENSMUSP00000001109.4",0.107456140350877,0.0570175438596491,0.0087719298245614,0.0175438596491228,0.0087719298245614,0.0285087719298246,0.0285087719298246,0.0921052631578947,0.0175438596491228,0.0416666666666667,0.168859649122807,0.0219298245614035,0.0307017543859649,0.0701754385964912,0.0614035087719298,0.087719298245614,0.0504385964912281,0.0175438596491228,0.0241228070175439,0.0592105263157895
"ENSP00000467134.1",0.0701754385964912,0.140350877192982,0.0175438596491228,0.0175438596491228,0.0526315789473684,0.0350877192982456,0,0.0526315789473684,0,0.0175438596491228,0,0.0350877192982456,0.0350877192982456,0.0350877192982456,0.0701754385964912,0.087719298245614,0.245614035087719,0.0175438596491228,0.0175438596491228,0.0526315789473684
"ENSP00000449428.1",0.061624649859944,0.0560224089635854,0.030812324929972,0.061624649859944,0.00840336134453781,0.0840336134453782,0.0560224089635854,0.0532212885154062,0.0364145658263305,0.0784313725490196,0.0896358543417367,0.0756302521008403,0.0140056022408964,0.0364145658263305,0.0420168067226891,0.0728291316526611,0.0448179271708683,0.00840336134453781,0.0448179271708683,0.0448179271708683
"ENSMUSP00000101535.1",0.0928481806775408,0.0639899623588457,0.0194479297365119,0.0432873274780427,0.0181932245922208,0.0457967377666248,0.041405269761606,0.101003764115433,0.0200752823086575,0.00878293601003764,0.0890840652446675,0.0451693851944793,0.0119196988707654,0.0338770388958595,0.138644918444166,0.113550815558344,0.0457967377666248,0.00564617314930991,0.0232120451693852,0.0382685069008783
"ENSMUSP00000038135.5",0.0614161849710983,0.0549132947976879,0.0469653179190751,0.0411849710982659,0.0166184971098266,0.0664739884393064,0.0375722543352601,0.146676300578035,0.0180635838150289,0.0578034682080925,0.0751445086705202,0.0469653179190751,0.0216763005780347,0.0440751445086705,0.0520231213872832,0.0635838150289017,0.0397398843930636,0.00794797687861272,0.0411849710982659,0.059971098265896
"ENSORLP00000040235.1",0.0811808118081181,0.0525830258302583,0.0276752767527675,0.0359778597785978,0.033210332103321,0.0387453874538745,0.0581180811808118,0.0608856088560886,0.040590405904059,0.022140221402214,0.0987084870848708,0.0249077490774908,0.0138376383763838,0.0285977859778598,0.100553505535055,0.145756457564576,0.0562730627306273,0.003690036900369,0.018450184501845,0.0581180811808118
"YDR071C_mRNA",0.0366492146596859,0.031413612565445,0.0575916230366492,0.0261780104712042,0.0104712041884817,0.120418848167539,0.0366492146596859,0.0471204188481675,0.031413612565445,0.136125654450262,0.0994764397905759,0.0837696335078534,0.0261780104712042,0.031413612565445,0.0471204188481675,0.0680628272251309,0.0366492146596859,0.00523560209424084,0.031413612565445,0.0366492146596859
"ENSPTRP00000083822.1",0.102362204724409,0.102362204724409,0,0.0236220472440945,0.0551181102362205,0.031496062992126,0.0393700787401575,0.21259842519685,0.047244094488189,0.015748031496063,0.031496062992126,0.015748031496063,0.015748031496063,0,0.0866141732283465,0.094488188976378,0.0708661417322835,0.031496062992126,0,0.0236220472440945
"ZK121.2",0.0376344086021505,0.0555555555555556,0.0448028673835125,0.0555555555555556,0.0161290322580645,0.0770609318996416,0.0770609318996416,0.0537634408602151,0.0448028673835125,0.0304659498207885,0.0519713261648745,0.039426523297491,0.039426523297491,0.0232974910394265,0.0770609318996416,0.10752688172043,0.0537634408602151,0.00537634408602151,0.039426523297491,0.0698924731182796
"F41C3.5.1",0.0447761194029851,0.0341151385927505,0.0639658848614073,0.0660980810234542,0.023454157782516,0.0426439232409382,0.046908315565032,0.0746268656716418,0.0277185501066098,0.0426439232409382,0.0916844349680171,0.0639658848614073,0.0341151385927505,0.0618336886993603,0.0490405117270789,0.0490405117270789,0.0618336886993603,0.0170575692963753,0.0490405117270789,0.0554371002132196
"ENSGALP00000068726.1",0.0684340320591862,0.0573366214549938,0.0363748458692972,0.0548705302096178,0.0258939580764488,0.0752157829839704,0.0419235511713933,0.0653514180024661,0.0141800246609125,0.0450061652281134,0.104192355117139,0.0715166461159063,0.0252774352651048,0.032059186189889,0.0493218249075216,0.0893958076448829,0.0511713933415536,0.0110974106041924,0.0215782983970407,0.0598027127003699
"ENSP00000432897.1",0.0890688259109312,0.0931174089068826,0.00404858299595142,0.048582995951417,0.0202429149797571,0.0728744939271255,0.0161943319838057,0.109311740890688,0.0121457489878543,0.0202429149797571,0.0850202429149798,0.0202429149797571,0.0202429149797571,0.0323886639676113,0.0931174089068826,0.0850202429149798,0.0728744939271255,0.0121457489878543,0.0121457489878543,0.0809716599190283
"ENSP00000498073.1",0.0753295668549906,0.0809792843691149,0.0282485875706215,0.0621468926553672,0.00376647834274953,0.0659133709981168,0.0527306967984934,0.0451977401129944,0.0169491525423729,0.0564971751412429,0.0772128060263653,0.0847457627118644,0.0169491525423729,0.0301318267419962,0.064030131826742,0.0527306967984934,0.0621468926553672,0.0169491525423729,0.0244821092278719,0.0828625235404896
"ENSMUSP00000038877.6",0.1,0.0727272727272727,0.0545454545454545,0.0272727272727273,0.0181818181818182,0.0727272727272727,0.0363636363636364,0.0818181818181818,0.00909090909090909,0.00909090909090909,0.0363636363636364,0.118181818181818,0.00909090909090909,0.0272727272727273,0.0818181818181818,0.1,0.0454545454545455,0.00909090909090909,0.0272727272727273,0.0636363636363636
"YJR085C_mRNA",0.0666666666666667,0.0380952380952381,0.019047619047619,0.00952380952380952,0,0.0285714285714286,0,0.161904761904762,0.019047619047619,0.0285714285714286,0.152380952380952,0.0380952380952381,0.0476190476190476,0.0285714285714286,0.0571428571428571,0.0761904761904762,0.0571428571428571,0,0.104761904761905,0.0666666666666667
